(tensor([[[-0.0712, -0.4930,  0.5128,  0.0021],
         [-0.0358, -0.2917,  0.0674,  0.0253],
         [-0.2118,  0.2009, -0.1175, -0.1030],
         ...,
         [ 0.1335,  0.4733, -0.0745, -0.1468],
         [-0.0276, -0.1874,  0.4787,  0.2919],
         [ 0.1522,  0.0217, -0.0530,  0.0646]],

        [[-0.2577, -0.0050, -0.0068, -0.2951],
         [-0.0722, -0.0574,  0.2430,  0.2163],
         [-0.0144,  0.3050,  0.1200,  0.0986],
         ...,
         [-0.0752,  0.5903, -0.2252,  0.0415],
         [ 0.0610, -0.1649,  0.0542,  0.1904],
         [-0.0348,  0.0239, -0.4919, -0.0132]],

        [[-0.2245,  0.2030, -0.2435,  0.0139],
         [-0.1453,  0.1129, -0.0671, -0.0027],
         [ 0.0026,  0.0494,  0.0412,  0.2969],
         ...,
         [-0.1467,  0.4201, -0.1645,  0.0766],
         [ 0.0913,  0.3060, -0.0023,  0.0176],
         [-0.1972, -0.0254, -0.6346, -0.1568]],

        ...,

        [[-0.0871,  0.0034, -0.2162,  0.0418],
         [-0.1532,  0.0836,  0.0632,  0.0403],
         [-0.0373,  0.1417,  0.0255,  0.0529],
         ...,
         [ 0.0000,  0.0000,  0.0000,  0.0000],
         [ 0.0000,  0.0000,  0.0000,  0.0000],
         [ 0.0000,  0.0000,  0.0000,  0.0000]],

        [[-0.1290,  0.3914, -0.3519,  0.0058],
         [-0.1783,  0.4204, -0.0565, -0.0652],
         [-0.1283,  0.0556, -0.0757,  0.0137],
         ...,
         [ 0.0000,  0.0000,  0.0000,  0.0000],
         [ 0.0000,  0.0000,  0.0000,  0.0000],
         [ 0.0000,  0.0000,  0.0000,  0.0000]],

        [[-0.2325, -0.0086, -0.6733,  0.2216],
         [-0.1709,  0.4962, -0.0713, -0.0383],
         [-0.1344,  0.4422,  0.0748,  0.0687],
         ...,
         [ 0.0000,  0.0000,  0.0000,  0.0000],
         [ 0.0000,  0.0000,  0.0000,  0.0000],
         [ 0.0000,  0.0000,  0.0000,  0.0000]]], device='cuda:0',
       grad_fn=<CopySlices>), tensor([8, 8, 8, 8, 8, 8, 8, 8, 8, 8, 8, 8, 8, 7, 7, 7, 7, 7, 7, 7, 7, 7, 7, 7,
        7, 7, 6, 6, 6, 6, 6, 6, 6, 6, 6, 6, 6, 6, 6, 5, 5, 5, 5, 5, 5, 5, 5, 5,
        5, 5, 5, 5, 5, 4, 4, 4, 4, 4, 4, 4, 4]))